car2go_key: YourConsumerKey
latitude: 45.522774
longitude: -122.682298